604
639
1981
347
214
515
1367
3242
1375
1401
1058
99
1442
598
149
5707
1804
794
935
6668
137
424
97
10717
873
466
120
401
1582
64
1230
1126
2498
827
455
566
1770
787
2129
64
251
67
1186
63
3289
7736
1033
448
3165
2210
1548
186
142
2519
93
441
156
1572
471
4823
2151
8389
5985
7801
25558
460
530
651
446
3452
366
622
2904
1544
146
100
4981
162
116
7856
402
704
208
1943
1028
33
81
2042
1234
102
628
1209
635
51
5123
346
5538
6774
226
246
2114
401
656
270
128
2509
2710
1762
728
3194
1907
293
595
21254
349
1990
767
86
7428
3554
649
993
4551
464
770
2495
838
819
191
2141
2426
369
105
4898
4044
737
54
517
7465
3766
194
1322
36
664
766
837
1453
979
580
94
109
306
687
582
1362
2297
765
374
118
2935
386
1088
888
43
1368
3082
1027
800
4307
244
88
2817
120
547
4385
73
449
275
55
1530
910
608
180
235
1440
2279
790
537
321
539
3010
496
857
5961
11182
67
7329
1890
265
907
255
973
81
1897
186
3876
1378
734
125
481
7532
248
850
71
569
6022
249
3473
187
1054
4359
431
1466
562
7580
141
122
229
221
1084
3659
11578
253
3896
384
373
3031
207
373
849
208
113
4895
735
11259
3743
673
237
1276
327
9352
749
1097
3024
8972
4569
93
347
348
318
667
2465
560
2340
352
516
267
2621
205
328
1186
1244
194
3907
1178
357
264
472
393
3586
215
691
470
704
852
57
2435
6910
7294
765
204
350
732
913
48
2145
372
6616
422
2466
1160
985
2029
2576
49
1056
215
6530
472
943
9428
2538
1758
1302
94
601
8784
393
172
2578
692
4025
622
901
6110
1811
937
3733
2761
1268
301
366
167
727
2510
820
1116
932
921
4176
3898
155
3843
344
29
188
3011
782
2857
1343
7234
497
536
645
1205
4223
848
454
878
5263
144
1963
77
137
6063
3570
1107
469
1962
278
253
30
5959
660
431
755
61
1129
1292
33
431
673
540
197
556
1177
6858
2230
149
1279
173
2198
2223
290
413
9367
5657
688
1747
611
816
170
268
584
1669
6925
4013
1665
6041
2100
633
87
955
1063
94
1820
678
57
1147
246
5085
239
1638
3559
134
1502
185
3551
1902
1004
337
1304
864
2773
1329
589
544
862
1230
1905
1427
557
1085
330
1221
93
3324
10966
127
231
2631
4665
4038
250
294
290
167
31
62
2703
3829
1687
4635
928
112
2292
962
1025
436
515
160
980
2889
263
5138
4497
281
2034
10267
930
1286
6187
1943
804
2548
400
302
398
237
33
1780
275
3040
1211
458
5289
79
821
625
1805
381
181
102
216
592
852
302
174
135
2563
2171
6032
69
2392
218
4742
4936
1125
901
1166
274
330
4056
566
2580
670
4440
2595
746
2386
676
4619
2171
597
95
504
1424
7447
946
412
598
182
13
1492
55
3118
4225
10303
719
816
2864
1144
541
317
736
459
8308
1314
8670
3249
687
153
464
130
169
331
2883
1323
2722
3101
46
1553
1420
6994
430
3957
5366
7393
67
1422
1418
637
1769
4526
981
3766
3324
969
1086
623
6633
5486
1875
9200
366
2721
843
635
48
750
4264
240
2054
953
1073
409
36
2324
2833
344
521
2418
809
257
2510
3312
51
1184
945
657
466
242
81
855
379
4814
11862
824
5707
299
5253
1711
580
1788
1574
919
1170
9857
391
105
1063
2622
2046
1393
1154
121
146
182
290
390
1081
2356
15013
7228
2386
4712
2146
531
385
722
948
2132
3095
2249
2627
192
2085
310
1101
2731
2586
52
922
71
1039
2866
363
128
460
1943
1683
676
671
4643
123
3048
14234
144
459
130
1415
344
480
132
3327
610
157
2410
1648
392
329
446
329
5007
374
1545
2991
1937
837
126
72
193
1291
970
2377
205
719
561
554
3515
432
3267
528
1782
807
2078
328
484
1122
2883
93
1304
418
428
69
432
43
1313
241
134
708
4802
859
4699
743
355
198
1404
94
334
4051
339
3580
530
136
1155
66
4765
4212
130
322
1245
10627
3488
1256
32
4740
181
11337
2360
583
1083
502
316
1757
900
2402
489
940
863
319
1037
2274
626
756
3273
129
179
27
314
110
586
27
92
243
1000
1552
2025
545
1173
112
24150
3529
778
534
6734
260
5054
943
1535
114
58
4381
2369
3385
5950
305
331
640
1708
251
152
12810
2048
284
1494
1384
36
336
185
11156
6737
3260
1117
858
58
252
250
3332
508
1187
2782
402
146
428
3762
563
1202
654
472
757
236
268
3186
90
451
1510
2037
1084
1135
491
23
904
78
2065
439
3523
2167
661
91
3758
317
2146
135
8268
151
4226
8042
1195
110
984
438
130
2913
495
210
447
112
111
3562
2287
76
1054
447
122
1564
2553
635
442
6855
6027
1095
251
128
8886
365
5750
611
640
3243
229
304
682
94
237
481
196
885
242
547
249
813
178
361
85
2141
300
227
1187
3914
2021
756
1171
182
395
2807
841
1075
1096
219
1373
842
587
762
1017
57
197
1457
94
5884
607
1216
3492
1397
456
1183
443
627
3936
394
200
168
3609
579
6466
1849
1271
18149
4814
892
757
298
23
408
2695
2902
748
96
2965
869
1598
540
98
1889
1948
1396
67
252
119
1870
1037
1570
412
2101
116
1328
367
81
2029
275
