5
101
258
4
148
11
1205
71
54
164
11
70
453
324
111
5549
100
787
3
237
30
98
5
455
198
28
33
11
1497
6
1156
540
1138
556
391
69
937
712
1997
53
91
52
171
51
191
6403
233
298
67
792
260
141
90
2460
63
198
56
251
326
3266
143
7692
2936
3452
378
292
2
618
68
71
2
613
279
1506
126
81
4258
1
47
7392
34
222
119
442
994
14
58
245
394
78
97
877
82
33
318
323
4892
5588
33
230
1004
9
563
106
11
263
1263
509
173
613
744
223
200
5364
306
1643
213
72
507
2375
619
95
42
30
312
852
250
126
18
449
120
188
31
1382
115
297
28
25
2221
44
6
1059
26
166
568
170
764
721
570
87
72
27
26
28
194
2233
483
332
22
294
15
102
791
31
1041
331
958
387
1641
234
68
490
98
24
3789
68
249
121
16
72
269
326
167
121
20
1097
72
98
269
83
2953
23
843
2436
5508
51
1227
619
146
20
95
951
52
1251
177
2332
112
287
113
94
495
208
804
53
128
35
58
2888
171
432
4258
34
566
52
365
118
81
60
126
210
34
3163
223
1494
32
148
610
20
325
827
40
49
168
482
2724
2315
202
192
955
57
7531
35
552
2169
1625
533
83
160
115
97
323
336
176
2073
17
487
27
290
13
299
65
26
153
3444
1161
20
165
281
54
1919
65
622
115
62
158
42
2420
3145
4836
342
179
159
696
194
33
2038
226
4569
50
334
40
550
136
2168
35
742
165
188
454
648
131
2094
113
302
65
468
36
338
82
1030
655
2912
101
42
607
40
891
1319
1224
393
45
98
142
227
847
303
538
781
194
842
966
136
868
93
16
177
116
227
587
330
7223
172
272
627
461
2748
822
152
20
53
23
1597
58
34
166
2003
861
110
1192
59
19
13
1310
64
402
278
35
615
1262
10
6
13
25
89
454
634
4346
1103
40
136
159
1181
900
125
280
560
5622
56
37
596
461
142
263
450
64
5062
24
59
474
389
214
26
797
305
82
1769
464
16
394
24
549
219
254
281
105
131
166
1804
899
249
158
215
319
2607
145
427
469
114
607
1791
469
118
919
302
667
61
558
9840
95
22
856
1404
2109
79
10
267
155
11
47
2690
3226
15
3681
26
68
190
144
81
110
309
147
157
725
54
4472
2832
259
1601
8298
727
212
5572
75
791
176
163
256
384
213
9
1078
47
1291
286
373
395
46
66
600
695
224
172
67
17
205
276
267
32
124
278
2129
21
23
264
202
3705
366
894
844
726
78
48
3754
25
1851
5
822
2532
720
311
163
729
347
421
64
188
1213
801
557
156
458
169
3
1457
36
1419
347
2207
123
158
682
35
289
42
42
70
2832
1260
7536
3213
75
140
438
53
150
35
175
48
695
1212
32
1529
334
2702
15
209
1421
3392
31
1266
1374
111
70
2341
494
2826
983
84
470
567
4716
2557
124
7344
48
1538
153
162
20
37
3009
24
1656
25
1048
223
14
270
194
335
497
1248
53
105
2477
1281
42
129
705
147
151
95
66
175
147
3094
4343
165
2697
21
4382
1326
121
234
156
897
791
5926
371
83
109
2095
50
623
1058
73
137
155
278
364
391
1417
9049
5603
1728
3515
1050
64
333
276
925
303
604
36
1908
94
1363
201
592
139
973
41
815
33
135
257
87
19
35
408
1520
276
100
1139
95
244
14173
118
131
80
139
194
29
64
1754
302
143
1554
111
378
320
4
44
1375
62
201
1328
1042
66
4
30
120
1031
126
2358
42
3
79
248
2790
191
795
485
1765
357
58
66
21
36
1393
75
198
7
208
36
76
24
65
17
15
162
1475
363
241
120
1
39
1392
72
195
3632
46
483
316
89
49
42
256
3613
99
283
660
2311
399
156
18
4176
16
6794
273
251
1031
480
37
15
117
275
132
7
478
89
254
2256
41
335
826
26
15
11
47
93
569
12
6
171
181
540
721
450
558
7
1587
609
444
521
618
117
17
272
1065
5
50
193
1245
3
2332
175
281
409
351
234
27
1952
1691
71
349
322
6
309
126
7537
431
1064
227
151
46
41
190
582
293
1130
1419
120
99
32
1700
34
1180
381
164
104
145
36
3084
21
23
1196
753
26
317
242
13
28
70
115
50
131
709
167
71
2104
294
1590
62
3489
17
3564
36
156
72
748
105
75
488
233
186
438
83
32
1710
644
35
1032
68
48
666
1092
271
212
737
92
22
168
120
1955
337
201
187
190
194
185
32
110
53
138
242
175
17
93
442
55
222
154
294
43
1498
174
7
1173
2670
320
582
197
152
364
1217
173
54
842
181
78
235
20
168
645
40
166
111
54
38
345
1207
178
390
91
68
255
33
361
11
58
138
576
422
6454
188
1206
512
2807
139
326
50
15
89
138
353
144
4
1395
155
825
216
28
1877
803
1372
2
183
38
1718
811
178
93
378
66
464
235
62
1295
255
