3
0
20
3
50
7
236
69
16
161
10
66
192
172
107
549
97
290
1
51
29
43
3
14
190
25
30
8
535
5
720
234
560
308
40
49
165
660
79
11
90
13
8
49
178
3156
28
6
14
31
7
55
87
276
7
17
55
58
19
2705
69
1245
2809
700
376
10
0
344
64
68
0
446
275
307
8
80
1757
0
11
7381
23
139
50
439
73
13
40
111
19
4
58
204
1
14
82
142
2815
5193
6
40
264
7
252
15
4
261
438
302
27
24
521
222
104
3038
299
1642
212
69
306
177
617
48
28
12
99
21
222
72
16
74
52
8
30
899
52
170
7
19
2150
14
3
875
24
29
533
67
125
321
430
85
70
26
21
2
40
1028
342
21
20
289
13
43
83
24
385
52
88
183
1640
51
1
481
96
20
1239
63
145
91
3
69
15
269
32
111
19
123
16
96
56
82
1365
10
144
2238
2800
32
124
47
19
5
73
945
50
241
19
146
81
46
111
92
268
74
675
17
122
33
1
821
29
204
4255
5
474
50
9
52
65
59
95
53
32
3161
26
1095
30
47
69
18
59
24
34
3
150
334
2031
2314
36
29
952
26
2165
33
462
1277
1375
134
57
159
17
94
0
335
80
111
0
451
26
104
10
68
62
23
29
901
383
19
96
14
49
1803
36
24
64
42
144
40
2303
3053
1441
170
60
72
396
191
32
107
100
2358
49
249
5
47
131
487
18
37
8
1
219
198
129
1602
112
211
62
400
31
19
80
390
185
2910
51
40
268
16
64
1150
1172
183
43
26
3
57
762
285
185
232
115
224
496
21
0
20
15
28
72
35
338
323
1652
147
271
36
459
2245
665
150
16
5
17
46
6
11
29
1562
165
2
1030
10
0
12
1258
1
105
44
33
80
1249
9
1
9
6
18
60
582
205
3
39
24
107
155
639
65
48
559
379
54
36
53
304
73
21
68
31
2312
20
22
234
388
196
26
57
36
76
438
141
13
191
20
198
63
208
34
12
127
23
1796
16
242
75
67
316
447
19
47
78
113
606
1784
129
116
918
175
190
25
506
7168
31
10
810
1121
2061
19
9
78
34
9
46
1684
931
13
2241
25
64
92
88
17
109
41
5
67
724
24
2975
458
169
1189
6627
2
208
5466
57
259
80
159
103
377
14
4
19
37
98
187
68
112
40
1
105
680
25
45
64
13
121
251
254
31
72
272
57
12
21
149
200
465
46
756
790
19
8
46
968
24
1063
2
146
2389
716
307
60
161
345
347
62
16
1165
651
454
151
70
41
2
64
32
447
37
1827
65
63
108
9
116
37
1
15
1221
524
6364
80
12
61
432
21
10
30
173
45
165
942
24
1527
91
835
13
138
52
3343
28
1263
820
25
0
170
493
2762
77
37
469
32
591
1317
123
638
18
1384
117
35
15
4
3004
0
13
16
289
154
1
12
193
90
496
1150
13
104
2464
1201
11
22
64
140
51
4
40
81
145
624
4341
56
1523
7
3709
1070
4
52
151
890
72
4020
366
0
36
2050
49
48
216
26
55
126
248
192
202
25
9033
4218
569
494
28
63
10
54
280
60
198
35
1630
24
987
51
589
30
253
37
516
32
133
249
86
1
34
328
967
24
91
9
59
162
323
32
2
20
8
139
27
28
80
296
113
160
109
64
2
2
5
1374
60
132
1325
722
36
1
13
49
1030
54
69
41
2
15
32
2308
159
20
452
1428
354
54
7
1
7
105
54
54
5
33
13
61
15
39
0
13
87
28
12
239
48
0
16
1235
59
148
66
44
363
137
86
47
40
182
3490
97
7
10
1442
51
6
13
1028
3
1800
270
77
1002
156
22
14
113
272
34
6
477
47
11
2177
40
333
517
25
5
6
8
5
303
11
4
168
179
538
560
6
558
6
1580
130
392
10
617
6
16
128
666
3
48
65
1242
1
889
138
11
161
225
86
22
1950
1385
28
6
24
4
250
7
3229
310
365
30
139
24
37
3
110
154
1025
330
2
93
28
1519
20
128
10
80
32
32
4
2449
19
9
1036
117
24
3
62
11
23
3
109
47
130
381
7
69
7
36
1423
4
190
15
494
34
11
70
400
2
18
69
169
71
226
13
25
87
90
33
185
46
44
70
121
268
210
310
91
14
75
119
736
118
60
4
117
102
55
29
14
35
97
95
52
4
92
372
16
134
94
157
13
1383
1
4
514
1352
27
44
41
150
143
868
172
52
248
17
73
178
2
49
85
38
36
109
7
9
10
1132
121
18
86
17
254
30
274
7
8
86
528
239
6075
104
958
44
2088
21
164
48
13
16
137
352
80
1
727
52
197
214
2
320
214
1301
0
65
36
1714
809
168
65
4
19
230
18
54
244
253
