1	1
0	0
0	0
0	0
0	0
0	0
0	0
0	0
0	0
1	0
1	1
1	1
0	0
0	0
0	0
0	0
0	0
0	0
0	0
0	0
0	0
1	0
0	0
0	0
0	0
0	0
0	0
0	0
0	0
0	0
0	0
0	0
0	0
0	0
0	0
0	0
0	0
0	0
0	0
1	1
1	0
0	0
1	1
0	0
0	0
0	0
0	0
0	0
0	0
1	0
0	0
0	0
0	0
0	0
1	0.653846
0	0
0	0
0	0
0	0
0	0
0	0.08
0	0
0	0
0	0
0	0
0	0
0	0.12
0	0
0	0
0	0
0	0
0	0
0	0
0	0
0	0
0	0
0	0
0	0
0	0
0	0
1	0.961538
0	0
0	0
0	0
0	0
0	0
1	1
1	0
0	0
0	0
0	0
1	0.962963
0	0
1	1
0	0
0	0
0	0
0	0
0	0
0	0
0	0
1	0
0	0
0	0
0	0
0	0
0	0.96
0	0
0	0
0	0
0	0
1	0.384615
0	0
0	0
1	1
0	0
0	0.36
1	1
0	0
0	0
0	0.16
1	0
0	0
0	0
0	0
0	0
0	0
0	0
0	0
0	0
0	0
0.25	0
0	0
0	0
0	0
0	0
0	0
0	0
0	0
0	0
0	0
0	0
0	0
0	0
0	0
0	0
0	0
0	0
0	0
0	0
0	0
0	0
0	0
0	0.84
0	0
0	0
1	1
0	0
1	0.444444
0	0
0	0
0	0
0	0
0	0
0	0
0	0
0	0
0	0
0	0
0	0
0	0
1	1
0	0
0	0
0	0
0	0
0	0
0	0
0	0
1	0
0	0
0	0
1	0.285714
0	0
0	0
0	0
1	0
0	0
0	0
0	0
0	0
0	0
0	0
0	0
0	0
0	0
0	0
0	0
0	0
0	0
0	0
0	0
0	0
0	0
1	0.517241
0	0
0	0
0	0
0	0
1	0.576923
1	0
0	0
0	0
0	0
1	1
0	0
0	0
0	0
0	0
0	0
0	0
0	0
0.666667	0
0	0
1	0
0	0
0	0
0	0
0	0
0	0
0	0
0	0
0	0
0	0
0	0
0	0
0	0
0	0
0	0
0	0
1	0
0	0
0	0
0	0
0	0
0	0
0	0
0	0
0	0
0	0
0	0
0	0
0	0
0	0
0	0
0	0
1	1
0.666667	0
0	0
0	0
0	0
0	0
1	0
0	0
0	0
0	0
0	0
0	0
1	1
1	0.296296
0	0
0	0
0	0
0	0
0	0
0	0
0	0
1	0
0	0
0	0
1	0
0	0
1	0
1	0
1	1
0	0
0	0
0	0
0	0
0	0
0	0
0	0
0	0
0	0
0	0
0	0
0	0
0	0
0	0
1	0
0	0
1	0
0	0
0	0
0	0
0	0
0	0
0	0
0	0
0	0
0	0
0	0
0	0
0	0.0588235
1	1
0	0
1	0
0	0
1	1
0	0
0	0
0	0
0	0.04
0	0
0	0
0	0
0	0
0	0
0	0
0	0
0	0
0	0
0	0
0	0
0	0
0	0
0	0
0	0
0	0
0	0
1	0
0	0
0	0
1	1
0.75	0
0	0
0	0
0	0
0	0
0	0
0	0
0	0
0	0
1	1
0	0
0	0
0	0
0	0
0	0
0	0
0	0
0	0
0	0
0	0
0	0
0	0
0	0
0	0
0	0
1	1
0	0
0	0
0	0
0	0
0	0
0	0
0	0
0	0
0	0
0	0
0	0.888889
0	0
0	0
0	0
1	0
0	0
0	0
0	0
0	0
0	0
0	0
1	1
0	0
0	0
0	0
1	0
0	0
0	0
0	0
0	0
0	0
0	0
0	0
0	0
0	0
0	0
0	0
0	0
0	0
0.333333	0
1	0
0.333333	1
0	0
0	0
0	0
0	0
0	0
0	0
0	0
0	0
0	0
0	0
0	0
0	0
0	1
0	0
0	0
0	0
0	0
0	0
0	0.8
1	0
0	0
0	0
0.666667	0
0	0
0	0
0	0
0	0
0	0
0	0
1	0
1	0
0	0
0	0
0	0
0	0
0	0
0.333333	0
0	0
0	0
0	0
0	0
0	1
1	0.258065
0	0
0	0
0	0
0	0
0	0
0	0
0	0
0	0
0	0
0	0
0	0
0	0
0	0
0	0
0	0
0	0
0	0
0	0
0	0
0	0
0	0
0	0
0	0
0	0
0	0
0	0
0	0
0	0
0	0
0	0
0	0
0	0
0	0
0	0
1	0
1	0
0	0
0	0
0	0
0	0
0	0
0	0
1	0
0	0
1	0
0	0
1	1
0	0
0	0.12
0	0
0	0
0	0
1	0
0.2	0.777778
0	0
0	0
0	0
0	0
1	0
0	0
0	0
0	0
0	0
0	0
0	0.08
0	0
0.333333	0
0	0
0	0
0	0
0	0
0	0
0	0
0	0
0	0
0	0
0	0
0	0
0	0
0	0
0.666667	1
0	0
0	0
0	0
0	0
1	0
0	0
0	0
0	0
1	1
0	0
0	0
0	0
0	0
1	0
0	0
0	0
0	0
0	0
0	0
1	0
0	0
0	0
0	0
0	0
0	0
0	0
0	0
0	0
0	0
0	0
0	0
0	0
0	0
0	0
0	0
0	0
0	0
0	0
0	0
0	0
0	0
0	0
0	0
0	0
0	0
0	0
0.333333	0
0	0
0	0
0	0
0	0
1	0
0	0
0	0
0	0
0	0
0	0
0	0
0	0
0	0
1	0
0	0.461538
0	0
0	0
0	0
0	0
0	0
0	0
0	0
0	0
0	0
0	0
1	0
0	0
0	0
0	0
0	0
0	0
0	0
0	0
0	0
0	0
0	0
0	0
0	0
0	0
0	0
0	0
0	0
0	0
0	0
1	0
0	0
1	0
0	0
0	0
0	0
0	0
0	0
0	0
0	0
0	0
0	0
0	0
1	0.928571
0	0
0	0
0	0
0	0
0	0
0	0
0	0
0	0
0	0
0	0
0	0
0	0
0	0
0	0
0	0
0	0
0	0
0	0
0	0
0	0
0	0
0	0
0	0
0	0
0	0
0	0
0	0
0	0
0	0
0	0
0	0
0	0
0	0
0	0
0	0
0	1
1	0
0	0
0	0
0	0
0	0
0	0
0	0
1	0.911765
0	0
0	0
0	0
0	0
0	0
0	0
1	0
0	0.142857
0	0
0	0
0	0
0	0
1	0
0	0
0	0
0	0
0	0
1	0
0	0
0	0
0	0
0	0
0	0
0	0.115385
0	0
1	1
0	0
0.75	0
0	0
0	0
1	0
0	0
0	0
0.75	0
0	0
0	0
0	0
1	0.96
0	0
0	0
0	0
0	0
0	0
0	0.68
0	0
0	0
0	0
1	0
0	0
0	0
0	0
0	0.214286
1	0
0	0
0	0
0	0
0	0
0	0
1	0
0	0
0	0
0	0
0	0
0	0
0	0
0	0
0	0
0	0
0	0
0	0
0	0
0	0.0344828
0	0
0	0
0	0
0	0
0	0
0	0
1	0
0	0
0	0
0	0
1	0
0	0
0	0
0	0
0	0
0	0
1	0
0	0
0	0
0	0
0	0
0	0
0	0
0.4	0
0	0
0.666667	0.807692
0	0
0	0
0	0
0	0
0	1
0.333333	0
0.75	0
0	0
0	0
0	0
0	0
0	0
0	0
0	0
0	0
0	0
0	0
0	0
0	0
0.75	0
0	0
0	0
0	0
0	0
0	0
0	0
0	0
0	0.222222
0	0
0	0
0	0
0	0
0	0
0	0
1	0.961538
0	0
0	0
0	0
0	0
0	0
0	0
0	0
1	0
1	0
1	1
0	0
0	0
0	0
1	0
0	0
0	0
0	0
0	0
0	1
0.333333	0
0	0
1	1
1	0
0	0
1	1
0	0
1	1
0	0
0	0
0	0.692308
1	0
0.666667	0
1	0
1	0
0	0
0	0
1	1
0	0
0	0
0	0
0	1
0	0
0	1
1	1
0	0
0	0
0	0
0	0
0	0
0	0
1	1
0	0
0	0
0	0
0	0
0	0
0	0
0	0
0	0
0	0
1	0.0357143
0	0
0	0
1	0
0.666667	0.962963
0	0
0.333333	0
1	0.962963
0	0
0	0
0	0
0	0
0	0
1	1
0	0
0	0
1	0.888889
0	0
0	0
0	0
1	0
0	0.925926
0	0
0	0
0	0
1	1
0	0
0	0
0	0
0	0
0	0
0	0
0	0
0	0
0	0
0	0
0	0
0	0
1	0
0	0
0	0
0	0
1	1
0	0
0	0
0	0
0	0
0	0
0	0
0	0
0	0
0	0
0	0
0	0
0	0
0	0
0	0
0	0
0	0
0	0
1	0
0	0
0	0
0	0
0	0
0	0
0	0.857143
1	0.966667
0	0
0	0
0	0
0	0
0	0
0	0
0	0
0	0
0	0
1	0
0	0
0	0.4
0	0
0	0
1	0.862069
0	0
0	0
1	0
0	0
1	0
0	0
0	0
0	0
0.333333	0
0	0
0	0
0	0
0	0
0	0
0	0
0	0
1	1
1	0
0	0
0	0
0	0
0	0
0	0
0	0
0	0
0	0
0	0
0	0.0740741
0	0
0	0
0	0
0	0
0	0
0	0
0	0
0	0
0	0
0	0
0	0
