1	1
0	0
0	0
0	0
0	0
0	0
0	0
0	0
0	0
1.66667	0
1	4.03846
2	1.92308
0	0
0	0
0	0
0	0
0	0
0	0
0	0
0	0
0	0
1	0
0	0
0	0
0	0
0	0
0	0
0	0
0	0
0	0
0	0
0	0
0	0
0	0
0	0
0	0
0	0
0	0
0	0
2	2
1.33333	0
0	0
1	1
0	0
0	0
0	0
0	0
0	0
0	0
2	0
0	0
0	0
0	0
0	0
3	1.96154
0	0
0	0
0	0
0	0
0	0
0	0.08
0	0
0	0
0	0
0	0
0	0
0	0.24
0	0
0	0
0	0
0	0
0	0
0	0
0	0
0	0
0	0
0	0
0	0
0	0
0	0
2	1.92308
0	0
0	0
0	0
0	0
0	0
1	1
1	0
0	0
0	0
0	0
2.33333	0.962963
0	0
1	1
0	0
0	0
0	0
0	0
0	0
0	0
0	0
1	0
0	0
0	0
0	0
0	0
0	1.84
0	0
0	0
0	0
0	0
2	0.769231
0	0
0	0
1	1
0	0
0	0.36
1	1
0	0
0	0
0	0.16
1	0
0	0
0	0
0	0
0	0
0	0
0	0
0	0
0	0
0	0
0.25	0
0	0
0	0
0	0
0	0
0	0
0	0
0	0
0	0
0	0
0	0
0	0
0	0
0	0
0	0
0	0
0	0
0	0
0	0
0	0
0	0
0	0
0	0.84
0	0
0	0
1.75	3
0	0
1	0.444444
0	0
0	0
0	0
0	0
0	0
0	0
0	0
0	0
0	0
0	0
0	0
0	0
1	1.96552
0	0
0	0
0	0
0	0
0	0
0	0
0	0
1	0
0	0
0	0
2	0.285714
0	0
0	0
0	0
5.25	0
0	0
0	0
0	0
0	0
0	0
0	0
0	0
0	0
0	0
0	0
0	0
0	0
0	0
0	0
0	0
0	0
0	0
1	0.517241
0	0
0	0
0	0
0	0
1	1.73077
1	0
0	0
0	0
0	0
1	1
0	0
0	0
0	0
0	0
0	0
0	0
0	0
0.666667	0
0	0
1	0
0	0
0	0
0	0
0	0
0	0
0	0
0	0
0	0
0	0
0	0
0	0
0	0
0	0
0	0
0	0
3	0
0	0
0	0
0	0
0	0
0	0
0	0
0	0
0	0
0	0
0	0
0	0
0	0
0	0
0	0
0	0
1	1
0.666667	0
0	0
0	0
0	0
0	0
1	0
0	0
0	0
0	0
0	0
0	0
2	1
1	0.296296
0	0
0	0
0	0
0	0
0	0
0	0
0	0
1	0
0	0
0	0
1	0
0	0
2	0
1	0
1	1.48148
0	0
0	0
0	0
0	0
0	0
0	0
0	0
0	0
0	0
0	0
0	0
0	0
0	0
0	0
1	0
0	0
1	0
0	0
0	0
0	0
0	0
0	0
0	0
0	0
0	0
0	0
0	0
0	0
0	0.0588235
1	1
0	0
1	0
0	0
4	3
0	0
0	0
0	0
0	0.04
0	0
0	0
0	0
0	0
0	0
0	0
0	0
0	0
0	0
0	0
0	0
0	0
0	0
0	0
0	0
0	0
0	0
1	0
0	0
0	0
1	1
0.75	0
0	0
0	0
0	0
0	0
0	0
0	0
0	0
0	0
1	1
0	0
0	0
0	0
0	0
0	0
0	0
0	0
0	0
0	0
0	0
0	0
0	0
0	0
0	0
0	0
1	1
0	0
0	0
0	0
0	0
0	0
0	0
0	0
0	0
0	0
0	0
0	0.888889
0	0
0	0
0	0
1	0
0	0
0	0
0	0
0	0
0	0
0	0
1	1
0	0
0	0
0	0
2	0
0	0
0	0
0	0
0	0
0	0
0	0
0	0
0	0
0	0
0	0
0	0
0	0
0	0
0.333333	0
1	0
0.333333	1
0	0
0	0
0	0
0	0
0	0
0	0
0	0
0	0
0	0
0	0
0	0
0	0
0	1
0	0
0	0
0	0
0	0
0	0
0	0.8
4	0
0	0
0	0
1.33333	0
0	0
0	0
0	0
0	0
0	0
0	0
1	0
1	0
0	0
0	0
0	0
0	0
0	0
0.333333	0
0	0
0	0
0	0
0	0
0	2
2	0.516129
0	0
0	0
0	0
0	0
0	0
0	0
0	0
0	0
0	0
0	0
0	0
0	0
0	0
0	0
0	0
0	0
0	0
0	0
0	0
0	0
0	0
0	0
0	0
0	0
0	0
0	0
0	0
0	0
0	0
0	0
0	0
0	0
0	0
0	0
1	0
1	0
0	0
0	0
0	0
0	0
0	0
0	0
1	0
0	0
1	0
0	0
1	1
0	0
0	0.12
0	0
0	0
0	0
1	0
0.2	0.777778
0	0
0	0
0	0
0	0
1	0
0	0
0	0
0	0
0	0
0	0
0	0.08
0	0
0.333333	0
0	0
0	0
0	0
0	0
0	0
0	0
0	0
0	0
0	0
0	0
0	0
0	0
0	0
2	1
0	0
0	0
0	0
0	0
2	0
0	0
0	0
0	0
1	1
0	0
0	0
0	0
0	0
4	0
0	0
0	0
0	0
0	0
0	0
2	0
0	0
0	0
0	0
0	0
0	0
0	0
0	0
0	0
0	0
0	0
0	0
0	0
0	0
0	0
0	0
0	0
0	0
0	0
0	0
0	0
0	0
0	0
0	0
0	0
0	0
0	0
1	0
0	0
0	0
0	0
0	0
2	0
0	0
0	0
0	0
0	0
0	0
0	0
0	0
0	0
1	0
0	0.461538
0	0
0	0
0	0
0	0
0	0
0	0
0	0
0	0
0	0
0	0
2	0
0	0
0	0
0	0
0	0
0	0
0	0
0	0
0	0
0	0
0	0
0	0
0	0
0	0
0	0
0	0
0	0
0	0
0	0
1	0
0	0
1	0
0	0
0	0
0	0
0	0
0	0
0	0
0	0
0	0
0	0
0	0
4	0.928571
0	0
0	0
0	0
0	0
0	0
0	0
0	0
0	0
0	0
0	0
0	0
0	0
0	0
0	0
0	0
0	0
0	0
0	0
0	0
0	0
0	0
0	0
0	0
0	0
0	0
0	0
0	0
0	0
0	0
0	0
0	0
0	0
0	0
0	0
0	0
0	2
2	0
0	0
0	0
0	0
0	0
0	0
0	0
2.25	1.82353
0	0
0	0
0	0
0	0
0	0
0	0
1	0
0	0.142857
0	0
0	0
0	0
0	0
2	0
0	0
0	0
0	0
0	0
1	0
0	0
0	0
0	0
0	0
0	0
0	0.115385
0	0
2	3
0	0
1.5	0
0	0
0	0
4	0
0	0
0	0
2.25	0
0	0
0	0
0	0
1	1.44
0	0
0	0
0	0
0	0
0	0
0	0.68
0	0
0	0
0	0
1	0
0	0
0	0
0	0
0	1.14286
1	0
0	0
0	0
0	0
0	0
0	0
2	0
0	0
0	0
0	0
0	0
0	0
0	0
0	0
0	0
0	0
0	0
0	0
0	0
0	0.137931
0	0
0	0
0	0
0	0
0	0
0	0
1	0
0	0
0	0
0	0
1	0
0	0
0	0
0	0
0	0
0	0
1	0
0	0
0	0
0	0
0	0
0	0
0	0
0.4	0
0	0
0.666667	0.807692
0	0
0	0
0	0
0	0
0	1
0.333333	0
0.75	0
0	0
0	0
0	0
0	0
0	0
0	0
0	0
0	0
0	0
0	0
0	0
0	0
1.5	0
0	0
0	0
0	0
0	0
0	0
0	0
0	0
0	0.222222
0	0
0	0
0	0
0	0
0	0
0	0
1	0.961538
0	0
0	0
0	0
0	0
0	0
0	0
0	0
3.66667	0
1	0
1	1
0	0
0	0
0	0
2	0
0	0
0	0
0	0
0	0
0	3.41379
0.333333	0
0	0
3.83333	4
1	0
0	0
2	1
0	0
7	4.03846
0	0
0	0
0	1.23077
1	0
0.666667	0
1	0
1	0
0	0
0	0
2	3
0	0
0	0
0	0
0	2
0	0
0	1
3	3
0	0
0	0
0	0
0	0
0	0
0	0
2	1.96154
0	0
0	0
0	0
0	0
0	0
0	0
0	0
0	0
0	0
1	0.0357143
0	0
0	0
2	0
1.33333	0.962963
0	0
0.333333	0
1	0.962963
0	0
0	0
0	0
0	0
0	0
2	2
0	0
0	0
2	1.77778
0	0
0	0
0	0
2	0
0	1.85185
0	0
0	0
0	0
2	2
0	0
0	0
0	0
0	0
0	0
0	0
0	0
0	0
0	0
0	0
0	0
0	0
1	0
0	0
0	0
0	0
1	3
0	0
0	0
0	0
0	0
0	0
0	0
0	0
0	0
0	0
0	0
0	0
0	0
0	0
0	0
0	0
0	0
0	0
1	0
0	0
0	0
0	0
0	0
0	0
0	0.857143
1	0.966667
0	0
0	0
0	0
0	0
0	0
0	0
0	0
0	0
0	0
2	0
0	0
0	0.4
0	0
0	0
1	1.62069
0	0
0	0
1	0
0	0
1	0
0	0
0	0
0	0
0.666667	0
0	0
0	0
0	0
0	0
0	0
0	0
0	0
4	4
1	0
0	0
0	0
0	0
0	0
0	0
0	0
0	0
0	0
0	0
0	0.148148
0	0
0	0
0	0
0	0
0	0
0	0
0	0
0	0
0	0
0	0
0	0
