21481
15912
23999
25428
40000
40000
9347
40000
3090
20381
7173
8361
40000
4625
10699
37607
31264
4947
40000
24259
13100
8950
15549
15958
9273
40000
38135
14478
40000
9768
25548
23721
29090
15819
20192
5303
29284
8749
5499
5252
3409
26345
4293
8351
25415
40000
39157
13690
36915
3446
40000
20082
901
40000
3499
40000
40000
7386
21158
40000
26784
36665
23975
40000
24783
15323
4586
14637
30716
732
40000
2552
25712
12279
9310
40000
700
3656
40000
2845
7093
11041
40000
9574
4687
40000
25072
22630
19406
35008
25283
31448
11683
10770
25106
11959
27338
11251
1296
5673
14733
12074
40000
39056
40000
6455
12532
5576
40000
40000
20620
1139
39635
40000
18746
9806
20063
5346
16094
10593
40000
11641
29925
18754
40000
18344
6304
21909
2340
1236
21322
10617
3914
15845
3373
13309
5081
11069
32074
14279
15982
16059
15103
17793
448
19300
40000
18931
36634
15999
25857
40000
26816
40000
11233
21899
11434
6183
2580
9851
10529
31802
28075
10989
7449
1922
22617
8345
34101
40000
28431
2105
9742
9002
6811
3120
40000
10856
15857
7529
2479
10861
15243
31546
40000
37513
28088
28437
14118
33449
481
33099
11919
17479
13450
20772
33310
12095
13629
38511
6203
8412
1771
28316
29964
22251
15293
19324
24365
10200
40000
37977
15295
8826
24435
15574
29805
27160
40000
39955
17635
4642
40000
40000
28572
16665
8844
40000
2733
1537
26493
7873
40000
4756
23839
6255
789
22838
8719
23728
13693
1630
20095
28643
38961
11054
9551
17087
17949
10823
37959
40000
36176
40000
40000
8937
2084
26424
7497
11459
27633
10575
688
7738
40000
4136
9320
40000
5872
40000
11644
16161
17389
40000
3800
16807
15942
21209
559
40000
14936
720
40000
29860
24586
14837
14915
3154
14827
2642
11017
33530
9391
13847
34161
33569
25219
13496
40000
18677
40000
7745
19712
12608
16530
13212
18287
16482
40000
40000
40000
6701
81
28086
8574
5471
3161
18994
36462
14169
5682
23031
4411
36607
14100
11189
8308
4098
7216
4362
20820
8863
40000
5671
18628
5539
15593
19771
22233
30177
26453
6975
28853
7999
40000
3659
33381
14133
6424
7145
22229
3962
28132
3812
10756
13018
14540
40000
26433
16718
17295
17534
858
9988
15027
28132
40000
11131
40000
28096
40000
40000
38936
14007
30473
27873
23594
7952
22281
23490
375
40000
15412
16971
27125
10681
12251
40000
40000
14271
17016
25926
13363
7416
4694
34023
5222
30680
11973
11921
35652
13600
32939
31695
29479
14226
40000
33908
29463
31541
32658
8672
20943
23789
13391
3973
40000
14457
11698
22046
20893
13774
4375
15748
9104
40000
281
19056
5768
10704
6135
25114
15669
12747
18791
40000
40000
19177
40000
21877
34488
27155
4095
22028
17046
5834
14795
40000
2670
29137
14725
40000
31858
3262
8912
11376
40000
21055
3885
5914
14651
40000
12977
13773
23056
11289
623
10486
21019
40000
11262
2090
16999
7865
2139
33069
40000
20707
4825
4553
3059
40000
15090
40000
24894
9239
15972
40000
8067
25984
8273
29515
40000
12388
35845
22010
8890
25735
23572
16869
5364
32108
40000
40000
40000
24344
27303
18564
19026
9569
11379
19132
4479
6884
26099
638
18542
18737
17616
11412
448
14979
24496
24493
15731
7954
19149
40000
4048
40000
22122
29557
17188
26479
1093
40000
9094
13392
17963
40000
24211
18669
27465
24560
13290
5344
20284
6798
1770
18786
40000
32506
20155
26235
5223
9239
30821
12636
1492
40000
11575
704
40000
40000
30808
28198
3636
13269
303
11896
39646
3152
11611
20911
10170
15450
36052
25128
37730
12622
40000
34406
4195
24892
16769
40000
23389
31383
28674
10813
14162
9967
6710
22910
32226
35758
19739
10004
21159
30915
20819
11497
11595
14443
18381
990
12219
21438
19268
2069
12390
8963
7175
19037
39892
20354
14254
40000
1435
20691
37150
7452
40000
8554
14100
31996
39745
7875
3428
10744
18848
28664
14541
15876
38408
6128
36421
21249
23748
32762
3647
7937
29412
40000
40000
11769
35170
40000
22941
15719
29627
40000
40000
27768
9806
20815
6771
29788
40000
37750
40000
19242
2842
22786
40000
433
6181
560
22379
40000
12587
40000
31360
20043
11884
29867
4049
30484
10615
7484
5611
40000
10242
4272
40000
40000
10369
11741
6396
6639
21695
8968
40000
363
40000
13925
9456
40000
40000
7604
20505
25330
8719
8264
587
7308
30027
40000
3613
19317
40000
4762
190
11482
3501
30839
25849
17748
38773
9343
40000
40000
25278
5437
31006
19676
20880
24499
20264
11015
14878
4007
40000
4528
17331
16777
10621
15244
16108
11306
16371
14412
9703
40000
5671
37033
7612
6183
40000
11534
40000
36775
6145
34664
23590
34005
40000
15167
40000
40000
8088
4225
8240
14553
21092
334
11209
40000
7384
24652
9646
5910
11183
6428
40000
19719
24231
18625
20211
33984
40000
17270
2535
15092
7283
39860
8873
29247
29826
2992
20607
14197
37759
22296
34451
32997
15001
40000
3128
26291
31456
27398
3662
10706
6945
19363
18689
22886
4266
40000
17724
7268
8589
24563
40000
7655
13043
39379
6361
39743
17682
32565
8228
40000
4642
29503
14460
28106
37621
6626
10075
35514
12461
3597
29331
13179
26216
20927
12351
17547
14439
36096
40000
40000
6951
24618
135
40000
1825
13261
2927
614
29455
8802
40000
5154
6414
13382
225
21886
29702
7673
14344
25555
2484
10827
3900
18068
19086
7454
3300
26452
40000
9074
25938
27319
20481
37512
40000
4316
13752
1469
29068
6061
32237
13393
1398
17772
27136
18050
40000
5158
14286
2254
22574
924
40000
23299
7007
5959
11710
10958
40000
10306
40000
2168
10485
40000
12907
6837
32364
7216
8288
40000
12210
39267
35542
16511
30144
17974
1202
4082
24094
20019
40000
40000
10427
33185
35887
24317
38912
24265
1665
8830
21187
11016
10361
9746
38848
14564
40000
12617
32898
1385
15263
7314
40000
13048
28776
25055
3927
34665
12641
40000
6680
40000
11610
12694
11439
27129
23445
40000
40000
10925
4310
22547
18080
3755
40000
25231
3333
1621
19560
16815
11256
37064
40000
27507
10880
18668
10381
18497
40000
40000
18663
6746
6170
15794
40000
40000
9673
22988
9044
9201
8043
19715
19391
11149
28984
15063
