21491
15918
24004
25434
40000
40000
9352
40000
6269
20392
7184
8369
40000
4630
10847
37631
34362
4953
40000
24270
13108
8958
15558
17562
9353
40000
38148
14493
40000
9831
25566
24234
29098
15822
20197
5313
29301
8758
5890
5257
3416
26391
4305
8356
35761
40000
39165
13728
37045
3450
40000
20647
1947
40000
3504
40000
40000
7393
22143
40000
26790
36674
23979
40000
24791
15366
4690
15133
31503
736
40000
2620
25719
12288
9316
40000
704
3813
40000
2851
7149
11046
40000
9593
4695
40000
25078
24167
19422
35013
25288
31452
11697
10777
25120
11964
27701
11261
1300
5684
14741
23372
40000
39061
40000
7039
12536
5583
40000
40000
20706
1143
39644
40000
18754
9813
20068
5353
20180
10598
40000
11649
29931
18760
40000
18351
6316
21914
2358
1552
21715
10803
4211
15854
3384
13314
5094
11078
32082
14284
15989
16065
17220
17799
462
19304
40000
18936
36639
16002
25865
40000
26823
40000
11238
21969
11451
6202
2588
9858
10534
32105
28081
10999
7461
1949
22630
8351
34108
40000
29137
2112
9748
9007
6826
3128
40000
10869
15862
7544
2487
10912
15249
31986
40000
37521
40000
30101
14128
33456
489
33107
11925
22707
13453
20797
33324
12189
13660
40000
8734
8422
1776
30865
29973
22258
15302
19355
24372
10414
40000
38090
16162
9462
24454
16889
29818
29358
40000
39963
17641
26929
40000
40000
28578
16671
37903
40000
3035
1559
26506
7881
40000
4765
23849
6264
798
24344
8735
23734
13708
1638
20100
28651
38987
11060
16788
17096
17962
11005
37964
40000
36181
40000
40000
9188
2536
26428
11245
11757
40000
11600
697
8274
40000
4496
9853
40000
5880
40000
11647
16417
17395
40000
3941
16814
15951
21214
563
40000
14942
764
40000
29868
24605
14842
14919
3159
14844
2750
11204
33537
9396
13856
34270
33629
25225
13500
40000
18685
40000
9128
19727
12612
16537
13217
18291
16487
40000
40000
40000
6712
87
28091
8583
5477
3167
19005
36470
14178
6208
23036
4422
36614
14164
11195
8323
4105
7223
5419
22218
8869
40000
5680
18635
5547
15688
19776
22341
30187
26480
6989
28860
8005
40000
3663
33387
14606
6466
7363
22238
4153
28136
8388
10771
13024
14546
40000
26438
16733
17299
17546
1250
10667
15033
28138
40000
11140
40000
28235
40000
40000
38946
14061
30557
27889
23601
8712
22286
23938
381
40000
15721
16978
27700
10768
12256
40000
40000
14484
17022
26075
13550
7443
4849
34038
5226
30693
12213
12291
35661
40000
33031
31709
29490
14480
40000
33976
30766
31555
32667
8678
20948
23801
13448
3986
40000
14462
11704
22337
20898
13860
4381
15943
9108
40000
283
19065
6448
10710
6141
25321
15674
12802
18796
40000
40000
19187
40000
21891
34495
27161
4112
22042
17093
5840
14800
40000
2704
29140
14730
40000
32226
3352
9756
11381
40000
21062
3888
5920
14659
40000
14847
13781
23061
11294
641
10491
21026
40000
11320
2096
17073
7875
3207
33075
40000
40000
4830
4560
3062
40000
15162
40000
24929
9243
15975
40000
8074
25995
8277
29532
40000
16546
35851
22015
8893
25902
23575
16874
5370
32115
40000
40000
40000
24349
27329
18571
19038
9578
11382
19534
6520
6894
26112
645
19374
18743
18224
11421
684
14984
24513
24505
15735
7963
19154
40000
4053
40000
25231
29563
31418
40000
2186
40000
9102
13397
20069
40000
24528
20794
27874
24583
13297
5350
20294
6803
1778
18792
40000
32516
20217
26241
5236
9252
30941
12710
1502
40000
11584
737
40000
40000
30818
28203
3666
13283
309
11912
40000
3156
12902
20919
10179
15454
36058
25219
38424
12720
40000
34618
4772
25111
16776
40000
23394
31482
28687
10828
14172
13098
6717
22916
32232
37983
19752
10011
21175
31855
20826
11523
15132
14447
18388
994
12224
21442
19274
2073
22813
9019
7180
19043
39898
20366
14261
40000
1440
22704
37176
7457
40000
8563
14110
32000
40000
7883
3535
10753
18852
28671
14547
16185
38415
6137
36425
22270
23752
32793
5731
7942
29527
40000
40000
11776
36529
40000
22959
15809
29634
40000
40000
27774
10019
20819
6778
29793
40000
37754
40000
19245
2847
22791
40000
540
6219
566
22384
40000
12593
40000
31841
20049
11891
29876
4055
30492
10619
9975
5619
40000
10247
4284
40000
40000
10376
12267
6400
6646
21699
8976
40000
367
40000
13985
9482
40000
40000
7610
21726
25340
8725
8364
592
7312
30031
40000
3627
19838
40000
4985
194
13226
3997
32059
25858
17757
38785
9348
40000
40000
25282
5444
31020
20031
20887
24516
21196
11061
14894
4015
40000
4537
18266
16917
10632
16579
16114
11309
16385
14419
10713
40000
5700
37327
25110
6191
40000
17478
40000
36778
6151
37566
23870
34011
40000
15358
40000
40000
8093
4232
8251
14768
21098
336
11235
40000
7393
24720
9836
5924
11190
6514
40000
19724
24270
18635
20220
33992
40000
17278
3089
15106
7299
40000
8879
29251
29844
2998
20618
14213
37767
22299
34460
33002
15805
40000
3247
26752
31957
36650
3668
10711
6949
19371
18694
22894
4272
40000
20471
7272
8597
24615
40000
7692
13863
39387
6365
39749
18665
32574
8240
40000
6278
29508
15350
28113
37652
6631
11492
35519
12588
3606
29338
23714
28125
20932
12358
17563
14464
36111
40000
40000
6960
24621
142
40000
1830
13265
2937
618
29460
8808
40000
8870
6421
13434
234
21896
29721
7683
14415
25584
2490
10837
3906
18073
19274
7816
3508
26676
40000
9096
25953
27329
20485
38781
40000
5725
13766
1485
29075
6064
32243
13400
1463
17778
27144
18054
40000
5745
14334
2258
22579
931
40000
23302
7013
6511
11719
10964
40000
10313
40000
2176
10492
40000
12921
6978
32383
8760
12466
40000
12226
39276
35549
16519
30149
17999
1206
5113
24099
20029
40000
40000
11083
33193
35913
24325
38916
24272
2854
8835
40000
12081
10375
9804
38856
14588
40000
12622
32904
1623
15269
7326
40000
13052
29621
25060
4108
34676
12646
40000
6735
40000
11708
12700
11449
27144
23742
40000
40000
10940
4318
22554
18520
4338
40000
25240
3343
1627
19565
18314
12241
37070
40000
27512
14297
18678
10391
19088
40000
40000
19281
6751
6182
15805
40000
40000
9683
22994
9048
9501
8050
40000
19401
11155
28990
15084
