21378
15847
23708
24794
40000
40000
9346
40000
2764
20379
7172
8353
40000
590
10507
26579
31186
4946
33992
24193
12070
8948
7704
15032
9271
40000
38131
14476
40000
9765
23299
22650
28654
13848
20012
5301
29174
8520
5079
5222
3399
26188
4245
7220
25413
40000
39152
13687
32683
3123
40000
20078
808
40000
3484
40000
33678
7384
20929
40000
26678
36662
22763
40000
23987
15320
3106
14452
30715
396
1496
2128
25433
11874
9308
40000
695
2789
40000
2516
6928
11040
40000
9036
4685
40000
14552
22573
8453
35000
23282
31447
11681
10768
25105
11956
27320
11250
1290
5671
14466
4640
40000
38587
40000
6425
12529
5575
40000
40000
19990
488
39485
30829
18735
9801
19998
5344
16088
10451
40000
11637
29922
17967
40000
15514
5821
21906
2338
624
21312
10219
3855
14992
3162
13307
5080
11066
24134
14232
15853
15990
14507
17792
428
19298
40000
18927
36633
15995
25856
40000
26814
36393
11232
21895
11433
6181
2462
9849
9685
31601
28071
10945
7172
1733
22609
8342
34095
40000
5901
2101
9730
9000
6669
3118
40000
10718
15846
7525
2478
10857
15237
10213
40000
37406
28087
28435
14116
20643
480
33096
11918
17477
13449
19917
33307
9261
13612
38192
5937
8411
1770
28256
29925
22250
15141
19318
24363
10115
40000
13545
15293
8817
24433
13209
29803
27158
40000
39952
14548
4639
40000
40000
28492
16600
7355
40000
2093
1397
21181
7872
40000
4752
23838
6239
752
22573
8717
21656
13665
1628
20083
28625
1659
11050
9263
16113
17947
10813
37957
40000
35179
40000
40000
8935
2015
26418
7350
10096
27066
10483
599
7732
40000
4112
9157
40000
5871
40000
11584
16071
17299
28797
3792
16805
15941
21073
558
40000
14935
414
40000
29857
24397
14835
14863
3084
14822
1703
7986
32068
9123
8433
34160
32131
24976
13495
40000
18676
40000
7716
19557
12606
16529
13089
18119
16479
40000
40000
40000
6681
80
27936
8556
5428
3159
18930
36055
14168
5484
23028
4349
36603
14049
11145
8305
4096
7215
4350
20564
8859
40000
5669
18626
5537
14366
19770
22231
30176
25027
6790
28774
6478
38813
3655
32929
14132
5824
7052
22228
3961
28126
3783
10753
13015
14536
40000
26431
16714
17291
17531
817
9974
15017
28131
40000
11129
36318
28095
40000
40000
6504
12779
29379
27867
20989
7948
22280
14039
373
40000
15411
16495
12900
10539
12238
40000
40000
14269
17015
25924
13357
7415
4668
34021
5218
17037
11843
11819
35651
10870
26798
14894
29477
14224
40000
9677
29383
31491
32656
8664
20932
23785
13053
3634
40000
14455
11651
22028
20727
13752
4372
15173
9098
40000
280
19024
5766
4888
5972
24753
11451
12746
18787
40000
40000
19166
40000
21478
34486
27154
3951
21735
17041
5788
13633
40000
2417
26416
14512
40000
31696
922
8876
11018
40000
20971
3884
5891
9442
40000
12845
13718
23029
11287
351
10475
20934
40000
11191
2018
16448
6922
2017
33065
40000
5430
3784
4550
3049
40000
14632
40000
9241
9236
15970
40000
8064
25836
7750
29042
40000
12202
35842
21976
8889
25635
23449
16765
5363
32106
40000
40000
40000
24342
27089
18558
19010
9475
11377
19100
4403
5217
26098
553
18198
18736
17615
11345
390
14977
24050
24419
15730
7952
18633
40000
3991
40000
13575
29556
15632
26473
872
40000
8951
13133
17961
40000
24154
18063
27462
24445
13285
5343
19565
6794
1550
18782
40000
32451
19762
26085
5222
9235
30703
12634
1358
40000
11573
699
17435
13202
30596
28124
3498
12189
300
11573
39645
3149
8224
20908
7804
15395
36047
25125
37713
12613
35593
34373
4190
24783
16767
40000
23388
31311
28555
10802
13995
7120
6709
22745
32195
33534
19113
3727
21146
30646
20809
11154
11595
14440
18377
988
12179
21341
18816
1924
11977
8960
7150
18741
28839
20348
14252
40000
1434
20689
15774
7449
40000
8552
14055
31867
39560
7820
2942
10741
18846
28661
14540
15874
38360
4609
36417
21213
23746
32702
3646
7933
28199
40000
40000
11576
35028
40000
22937
13920
29247
9917
40000
27767
9804
20812
6770
29786
40000
37742
40000
19156
2841
22698
40000
367
6179
558
22375
40000
12540
40000
31152
19994
11882
29865
4048
30481
6324
6854
5607
40000
10206
3950
40000
20862
10261
11739
6319
6637
21691
8963
40000
90
40000
13470
9454
40000
40000
7603
19505
25324
8696
8262
450
7304
30023
40000
3612
19250
40000
4761
182
11477
3426
30817
25847
17747
38771
9303
40000
40000
25191
5433
25969
19622
20879
24496
20161
10918
14875
3820
40000
4034
17323
16774
7901
14903
16046
11304
16280
14410
9701
33280
5488
33589
7610
6144
15787
11338
40000
36770
6142
31455
23424
33906
40000
15084
40000
40000
8086
4223
8231
13778
21088
333
11044
40000
7150
24650
9643
5908
11180
6368
40000
19506
24229
18529
20209
5214
40000
17144
2534
14922
4037
39852
8872
29148
29823
2180
20388
14196
37755
22295
34450
32995
14463
40000
2806
25557
31426
27396
3661
10006
6907
19362
18081
22674
4261
40000
13587
6377
8527
22252
7752
7652
7296
39378
6360
39741
17611
32390
8155
40000
4421
29500
14458
24517
37059
6624
9784
35513
12460
3592
29330
12624
26214
20744
8987
17354
14325
36089
25393
40000
6947
24473
134
40000
1752
13260
2926
61
29392
8800
40000
5153
2416
10030
152
21885
27572
6860
14339
25507
2472
10824
3898
17723
19043
7200
3297
26367
40000
9073
25935
27259
20479
37416
40000
4081
13739
1464
29051
5928
16342
7773
1323
17763
27131
18049
40000
5083
13844
2249
22554
908
39589
23294
5884
5941
11708
10957
40000
10303
33420
1691
10483
40000
12904
6834
30160
6602
7449
40000
12209
39264
24896
16508
29594
17951
1201
4034
24092
11753
35359
40000
10232
33164
35852
22918
16610
24262
1307
8827
12455
10620
10359
9744
38846
14563
38285
12616
32825
1113
15261
7309
40000
12911
28775
25054
3869
34663
12638
40000
6333
40000
9763
12647
11161
26820
23346
40000
18298
10922
4308
22544
18076
3753
29821
21123
3332
1439
19544
16780
10270
37062
40000
27505
7847
18666
10153
18495
40000
9983
18506
3640
6164
15793
30282
40000
9496
22932
9040
9096
6516
19712
19390
11144
28983
9057
